17 7 1
3 1 1
15 90 111
0 0 0
0 0 0
29 82 141
171 100 30
232 231 215
3 50 111
0 0 0
0 0 0
158 141 113
0 0 0
0 0 0
83 62 35
0 0 0
107 80 35
203 199 178
0 0 0
0 0 0
189 184 157
0 0 0
30 59 85
0 0 0
0 0 0
0 0 0
0 0 0
193 193 182
0 0 0
150 106 12
0 0 0
0 0 0
0 0 0
0 0 0
142 108 81
0 0 0
167 137 42
0 0 0
200 130 5
199 151 91
0 0 0
6 65 127
150 86 30
206 191 149
0 0 0
0 0 0
0 0 0
62 34 5
205 197 167
193 144 42
0 0 0
0 0 0
0 0 0
0 0 0
0 0 0
169 187 211
0 0 0
18 99 125
0 0 0
0 0 0
111 115 102
0 0 0
158 135 68
30 46 57
0 0 0
0 0 0
0 0 0
0 0 0
101 61 14
0 0 0
0 0 0
85 37 3
0 0 0
0 0 0
0 0 0
7 21 42
134 148 147
53 89 116
0 0 0
108 47 9
0 0 0
0 0 0
0 0 0
0 0 0
182 117 52
0 0 0
0 0 0
115 137 105
0 0 0
0 0 0
0 0 0
93 82 55
0 0 0
0 0 0
37 31 19
62 52 33
234 224 199
77 41 20
0 0 0
0 0 0
0 0 0
118 42 35
0 0 0
225 161 31
6 42 84
0 0 0
0 0 0
108 98 66
0 0 0
0 0 0
0 0 0
0 0 0
0 0 0
0 0 0
90 92 67
157 119 64
0 0 0
59 69 78
0 0 0
0 0 0
0 0 0
0 0 0
173 169 142
0 0 0
139 136 110
168 75 36
0 0 0
0 0 0
209 183 113
0 0 0
0 0 0
177 122 11
0 0 0
0 0 0
0 0 0
0 0 0
192 176 131
0 0 0
0 0 0
0 0 0
0 0 0
13 32 58
0 0 0
0 0 0
0 0 0
0 0 0
0 0 0
0 0 0
130 102 54
0 0 0
0 0 0
0 0 0
40 15 1
0 0 0
0 0 0
0 0 0
8 70 101
144 63 24
0 0 0
0 0 0
0 0 0
0 0 0
0 0 0
0 0 0
0 0 0
0 0 0
0 0 0
0 0 0
0 0 0
0 0 0
0 0 0
122 71 36
153 150 123
0 0 0
0 0 0
0 0 0
48 54 58
0 0 0
0 0 0
0 0 0
189 166 105
0 0 0
0 0 0
0 0 0
191 101 27
75 90 89
0 0 0
0 0 0
0 0 0
72 111 138
211 208 193
0 0 0
0 0 0
0 0 0
169 153 100
47 106 138
0 0 0
0 0 0
0 0 0
99 164 192
137 108 38
0 0 0
0 0 0
0 0 0
47 103 87
0 0 0
0 0 0
0 0 0
169 159 121
0 0 0
69 73 59
0 0 0
0 0 0
0 0 0
0 0 0
138 122 69
0 0 0
158 101 48
0 0 0
0 0 0
178 178 164
99 120 137
0 0 0
0 0 0
0 0 0
0 0 0
30 69 108
0 0 0
0 0 0
0 0 0
0 0 0
0 0 0
170 142 87
0 0 0
0 0 0
0 0 0
69 136 158
130 123 89
0 0 0
0 0 0
0 0 0
0 0 0
0 0 0
0 0 0
0 0 0
0 0 0
231 203 136
0 0 0
0 0 0
149 136 92
129 81 19
0 0 0
225 213 179
0 0 0
118 111 74
0 0 0
