137 252 123
159 176 252
165 83 0
104 179 231
172 249 199
0 0 0
0 0 0
251 186 166
201 249 174
167 2 68
0 0 0
2 33 213
0 0 0
19 61 238
251 210 221
174 245 128
150 140 253
5 119 169
0 0 0
94 245 140
0 0 0
0 0 0
121 110 2
0 0 0
147 98 1
115 38 44
0 0 0
0 0 0
0 0 0
226 171 87
106 62 244
0 0 0
208 120 220
0 0 0
84 195 205
107 30 223
135 253 146
0 0 0
0 0 0
162 229 83
1 95 142
0 0 0
106 202 215
65 225 11
183 62 196
128 192 236
0 0 0
253 116 110
0 0 0
250 93 70
0 0 0
225 71 155
0 0 0
52 251 69
41 177 179
251 55 72
0 0 0
156 137 6
0 0 0
111 174 5
191 7 99
114 239 173
38 67 87
0 0 0
227 167 232
118 146 0
234 108 178
127 14 67
0 0 0
22 146 181
3 91 189
0 0 0
71 209 178
88 129 5
209 91 196
180 207 72
242 220 179
158 31 183
0 0 0
206 194 84
151 250 172
0 0 0
247 152 111
150 49 211
0 0 0
123 208 26
199 175 250
80 94 24
25 13 186
208 231 139
1 138 105
227 218 250
0 0 0
203 62 175
132 6 161
0 0 0
241 66 27
223 198 112
231 211 143
0 0 0
6 242 11
89 151 238
62 237 124
0 0 0
69 76 252
0 0 0
98 7 193
0 0 0
241 138 82
139 73 236
0 63 187
3 155 78
0 0 0
130 108 251
0 0 0
0 0 0
223 21 91
170 164 25
53 165 203
140 54 16
84 62 46
46 103 238
0 0 0
0 0 0
174 103 233
250 172 194
60 136 229
0 0 0
0 0 0
119 247 80
0 0 0
205 144 38
166 8 129
68 223 155
93 115 251
0 0 0
12 172 36
0 0 0
0 0 0
0 0 0
211 1 50
0 0 0
0 0 0
43 202 154
200 57 1
0 0 0
54 148 13
0 0 0
198 175 57
131 21 193
91 222 181
0 0 0
0 0 0
0 0 0
253 253 253
245 170 125
83 197 5
125 3 101
0 0 0
35 111 51
0 0 0
0 0 0
20 168 157
0 0 0
236 140 202
246 81 122
0 0 0
118 0 132
0 0 0
10 9 244
70 2 165
121 155 249
14 188 122
0 0 0
147 229 217
134 227 55
0 0 0
29 201 6
159 195 40
0 0 0
0 0 0
185 140 245
0 0 0
0 0 0
0 0 0
0 0 0
0 0 0
183 34 163
196 220 106
247 8 10
86 25 86
152 208 238
0 0 0
63 192 188
16 73 116
0 0 0
0 0 0
58 34 248
0 0 0
120 223 204
0 0 0
253 148 155
228 32 2
0 0 0
0 0 0
0 0 0
15 232 65
210 38 136
234 47 111
0 0 0
0 0 0
115 72 17
0 0 0
10 50 156
0 0 0
249 115 149
0 0 0
3 143 136
0 0 0
0 0 0
75 169 219
0 0 0
205 10 17
244 23 54
137 248 101
189 207 251
0 0 0
196 94 6
89 252 101
34 223 113
168 52 5
88 244 48
0 0 0
0 0 0
0 0 0
36 248 22
38 34 130
191 239 232
171 76 218
18 101 213
162 22 29
204 117 21
231 248 216
11 107 94
0 0 0
0 0 0
245 183 139
0 0 0
55 4 217
64 55 70
2 197 72
32 133 206
0 0 0
229 128 54
74 13 123
0 0 0
